MAARSY ANTENNA positions (x,y) in meters
      5.45521      33.7351
      9.31892      34.7704
      6.49049      37.5988
      10.3542      38.6341
      7.52577      41.4625
      3.66206      40.4273
      2.62679      36.5636
      1.59332      32.7026
     -1.23511      35.5310
     -2.27039      31.6673
     -5.09882      34.4957
     -6.13409      30.6320
     -3.30567      27.8036
     0.558039      28.8389
      4.41851      29.8743
      3.38323      26.0106
      7.24693      27.0459
      6.21166      23.1822
      10.0754      24.2175
      11.1106      28.0812
      8.28221      30.9096
      1.31448      18.2859
      2.34976      22.1496
     -1.51395      21.1144
    -0.478669      24.9781
     -4.34237      23.9428
     -5.37765      20.0791
     -2.54922      17.2507
      4.13967      15.4577
      6.96810      12.6293
      8.00338      16.4930
      10.8318      13.6646
      11.8671      17.5283
      9.03865      20.3567
      5.17495      19.3214
      17.7995      26.2883
      13.9358      25.2530
      16.7643      22.4246
      12.9006      21.3893
      15.7290      18.5609
      19.5927      19.5961
      20.6280      23.4598
      18.8362      30.1491
      19.8715      34.0128
      16.0078      32.9775
      17.0431      36.8412
      13.1794      35.8059
      12.1441      31.9422
      14.9725      29.1138
      21.6663      27.3212
      24.4947      24.4928
      25.5300      28.3565
      28.3584      25.5280
      29.3937      29.3917
      26.5653      32.2202
      22.7016      31.1849
     0.275636      14.4207
     -3.58807      13.3855
    -0.759641      10.5570
     -4.62334      9.52175
     -1.79492      6.69333
      2.06879      7.72860
      3.10406      11.5923
      31.9431      12.1432
      34.7715      9.31479
      35.8068      13.1785
      38.6352      10.3501
      39.6705      14.2138
      36.8421      17.0422
      32.9784      16.0069
      29.1179      14.9714
      30.1532      18.8351
      26.2895      17.7999
      27.3248      21.6636
      23.4611      20.6283
      22.4258      16.7646
      25.2542      13.9362
      28.0812      11.1106
      24.2175      10.0754
      27.0459      7.24693
      23.1822      6.21165
      26.0106      3.38323
      29.8744      4.41850
      30.9096      8.28221
      16.4933      8.00459
      20.3570      9.03987
      17.5286      11.8683
      21.3923      12.9036
      18.5639      15.7320
      14.7002      14.6967
      13.6649      10.8330
      15.4566      4.14379
      14.4213     0.280091
      18.2850      1.31537
      17.2498     -2.54834
      21.1135     -1.51306
      22.1488      2.35064
      19.3203      5.17907
      31.6661     -2.27072
      28.8376     0.557711
      27.8024     -3.30599
      24.9739    -0.477565
      23.9387     -4.34127
      26.7671     -7.16970
      30.6308     -6.13442
      35.5280     -1.23814
      39.3917    -0.202860
      36.5632      2.62557
      40.4269      3.66084
      37.5985      6.48927
      33.7348      5.45399
      32.6995      1.59029
      34.4940     -5.10299
      33.4587     -8.96669
      37.3224     -7.93142
      36.2872     -11.7951
      40.1509     -10.7598
      41.1861     -6.89614
      38.3577     -4.06771
      12.6265      6.97166
      9.79811      9.80008
      8.76284      5.93638
      5.93441      8.76481
      4.89913      4.90110
      7.72756      2.07268
      11.5913      3.10795
      26.4879     -21.5919
      25.4526     -25.4556
      29.3163     -24.4204
      28.2810     -28.2841
      32.1447     -27.2488
      33.1800     -23.3851
      30.3516     -20.5567
      27.5246     -17.7311
      31.3883     -16.6959
      28.5599     -13.8674
      32.4236     -12.8322
      29.5951     -10.0037
      25.7314     -11.0390
      24.6962     -14.9027
      23.6627     -18.7637
      20.8343     -15.9353
      19.7990     -19.7990
      16.9706     -16.9706
      15.9353     -20.8343
      18.7637     -23.6627
      22.6274     -22.6274
      15.1788     -10.2813
      18.0073     -13.1098
      19.0425     -9.24607
      21.8710     -12.0745
      22.9063     -8.21079
      20.0778     -5.38236
      16.2141     -6.41764
      11.3169     -11.3139
      7.45324     -12.3492
      10.2817     -15.1776
      6.41796     -16.2129
      9.24639     -19.0413
      13.1101     -18.0061
      14.1454     -14.1424
      13.8665     -28.5590
      14.9018     -24.6953
      11.0381     -25.7306
      12.0734     -21.8668
      8.20969     -22.9021
      7.17441     -26.7658
      10.0028     -29.5943
      16.6917     -31.3872
      19.5202     -34.2156
      20.5554     -30.3519
      23.3839     -33.1803
      24.4191     -29.3166
      21.5907     -26.4882
      17.7270     -27.5235
      12.8277     -32.4242
      8.96399     -33.4595
      11.7924     -36.2879
      7.92871     -37.3232
      10.7571     -40.1516
      14.6208     -39.1163
      15.6561     -35.2526
      12.3509     -7.44907
      13.3862     -3.58537
      9.52248     -4.62065
      10.5578    -0.756943
      6.69405     -1.79222
      5.65877     -5.65592
      8.48720     -8.48435
     -5.45521     -33.7351
     -9.31891     -34.7704
     -6.49048     -37.5988
     -10.3542     -38.6341
     -7.52576     -41.4626
     -3.66206     -40.4273
     -2.62678     -36.5636
     -1.59331     -32.7026
      1.23512     -35.5310
      2.27039     -31.6673
      5.09882     -34.4957
      6.13410     -30.6320
      3.30567     -27.8036
    -0.558036     -28.8389
     -4.41850     -29.8744
     -3.38323     -26.0106
     -7.24693     -27.0459
     -6.21165     -23.1822
     -10.0754     -24.2175
     -11.1106     -28.0812
     -8.28221     -30.9096
     -1.31448     -18.2859
     -2.34976     -22.1496
      1.51395     -21.1144
     0.478671     -24.9781
      4.34237     -23.9428
      5.37765     -20.0791
      2.54922     -17.2507
     -4.13967     -15.4577
     -6.96810     -12.6293
     -8.00337     -16.4930
     -10.8318     -13.6646
     -11.8671     -17.5283
     -9.03865     -20.3567
     -5.17495     -19.3214
     -17.7995     -26.2883
     -13.9358     -25.2530
     -16.7643     -22.4246
     -12.9005     -21.3893
     -15.7290     -18.5609
     -19.5927     -19.5961
     -20.6280     -23.4598
     -18.8362     -30.1491
     -19.8715     -34.0128
     -16.0078     -32.9775
     -17.0431     -36.8412
     -13.1794     -35.8059
     -12.1441     -31.9422
     -14.9725     -29.1138
     -21.6663     -27.3212
     -24.4947     -24.4928
     -25.5300     -28.3565
     -28.3584     -25.5280
     -29.3937     -29.3918
     -26.5653     -32.2202
     -22.7016     -31.1849
    -0.275640     -14.4207
      3.58806     -13.3855
     0.759635     -10.5570
      4.62334     -9.52175
      1.79491     -6.69332
     -2.06879     -7.72860
     -3.10407     -11.5923
     -31.9431     -12.1432
     -34.7715     -9.31479
     -35.8068     -13.1785
     -38.6352     -10.3501
     -39.6705     -14.2138
     -36.8421     -17.0422
     -32.9784     -16.0069
     -29.1179     -14.9714
     -30.1532     -18.8351
     -26.2895     -17.7999
     -27.3248     -21.6636
     -23.4611     -20.6283
     -22.4258     -16.7646
     -25.2542     -13.9362
     -28.0812     -11.1106
     -24.2175     -10.0754
     -27.0459     -7.24694
     -23.1822     -6.21166
     -26.0106     -3.38323
     -29.8743     -4.41851
     -30.9096     -8.28221
     -16.4933     -8.00460
     -20.3570     -9.03987
     -17.5286     -11.8683
     -21.3923     -12.9036
     -18.5639     -15.7320
     -14.7002     -14.6967
     -13.6649     -10.8330
     -15.4566     -4.14380
     -14.4213    -0.280098
     -18.2850     -1.31538
     -17.2498      2.54833
     -21.1135      1.51305
     -22.1487     -2.35065
     -19.3203     -5.17908
     -31.6661      2.27071
     -28.8376    -0.557717
     -27.8024      3.30599
     -24.9739     0.477559
     -23.9387      4.34126
     -26.7671      7.16969
     -30.6308      6.13441
     -35.5280      1.23813
     -39.3917     0.202853
     -36.5632     -2.62557
     -40.4269     -3.66085
     -37.5985     -6.48928
     -33.7348     -5.45400
     -32.6995     -1.59030
     -34.4940      5.10298
     -33.4587      8.96669
     -37.3224      7.93141
     -36.2872      11.7951
     -40.1509      10.7598
     -41.1861      6.89613
     -38.3577      4.06771
     -12.6265     -6.97166
     -9.79811     -9.80008
     -8.76283     -5.93638
     -5.93441     -8.76481
     -4.89913     -4.90110
     -7.72756     -2.07268
     -11.5913     -3.10795
     -26.4879      21.5919
     -25.4526      25.4556
     -29.3163      24.4204
     -28.2810      28.2841
     -32.1447      27.2488
     -33.1800      23.3851
     -30.3516      20.5567
     -27.5246      17.7311
     -31.3883      16.6959
     -28.5599      13.8674
     -32.4236      12.8322
     -29.5951      10.0037
     -25.7314      11.0390
     -24.6962      14.9027
     -23.6627      18.7637
     -20.8343      15.9353
     -19.7990      19.7990
     -16.9706      16.9706
     -15.9353      20.8343
     -18.7637      23.6627
     -22.6274      22.6274
     -15.1788      10.2813
     -18.0073      13.1098
     -19.0425      9.24607
     -21.8710      12.0745
     -22.9062      8.21079
     -20.0778      5.38236
     -16.2141      6.41764
     -11.3169      11.3139
     -7.45324      12.3492
     -10.2817      15.1776
     -6.41797      16.2129
     -9.24639      19.0413
     -13.1101      18.0061
     -14.1454      14.1424
     -13.8665      28.5590
     -14.9018      24.6953
     -11.0381      25.7306
     -12.0734      21.8668
     -8.20968      22.9021
     -7.17441      26.7658
     -10.0028      29.5943
     -16.6917      31.3872
     -19.5202      34.2156
     -20.5554      30.3519
     -23.3839      33.1803
     -24.4191      29.3166
     -21.5907      26.4882
     -17.7270      27.5235
     -12.8277      32.4242
     -8.96399      33.4595
     -11.7924      36.2879
     -7.92871      37.3232
     -10.7571      40.1516
     -14.6208      39.1163
     -15.6561      35.2526
     -12.3509      7.44908
     -13.3862      3.58537
     -9.52247      4.62065
     -10.5577     0.756945
     -6.69404      1.79222
     -5.65877      5.65592
     -8.48719      8.48435
     -6.89520      41.1881
     -4.06677      38.3596
     -3.03150      42.2233
    -0.203072      39.3949
     0.832204      43.2586
      23.7370      35.0507
      20.9086      37.8792
      14.2165      39.6723
      32.2223      26.5654
      31.1870      22.7017
      35.0507      23.7370
      34.0155      19.8733
      37.8792      20.9086
      42.2233     -3.03150
      43.2586     0.832200
      41.4655      7.52433
      39.1175     -14.6226
      35.2538     -15.6579
      38.0822     -18.4863
      34.2185     -19.5216
      37.0470     -22.3500
      18.4863     -38.0822
      22.3500     -37.0470
      27.2490     -32.1480
      6.89520     -41.1881
      4.06678     -38.3596
      3.03150     -42.2233
     0.203073     -39.3949
    -0.832201     -43.2586
     -23.7370     -35.0507
     -20.9086     -37.8792
     -14.2165     -39.6723
     -32.2223     -26.5655
     -31.1870     -22.7017
     -35.0507     -23.7370
     -34.0155     -19.8733
     -37.8792     -20.9086
     -42.2233      3.03150
     -43.2586    -0.832208
     -41.4655     -7.52434
     -39.1175      14.6226
     -35.2538      15.6579
     -38.0822      18.4863
     -34.2185      19.5216
     -37.0470      22.3500
     -18.4863      38.0822
     -22.3500      37.0470
     -27.2490      32.1480
     -2.82843      2.82843
     -3.86370     -1.03528
      0.00000      0.00000
     -1.03528     -3.86370
      2.82843     -2.82843
      3.86370      1.03528
      1.03528      3.86370